
Starting Baseline Evaluations (Random vs All-Worker)
================================================================================
Seed   | Random Lbl Error | All-Worker Error
--------------------------------------------------------------------------------
70     | 0.67909          | nan             
71     | 0.88906          | nan             
72     | 0.71907          | nan             
73     | 0.80521          | nan             
74     | 0.85507          | nan             
75     | 0.69515          | nan             
76     | 0.67880          | nan             
77     | 1.35294          | nan             
78     | 0.96019          | nan             
79     | 1.01061          | nan             
80     | 0.78803          | nan             
81     | 0.80983          | nan             
82     | 0.76410          | nan             
83     | 0.66858          | nan             
84     | 0.69804          | nan             
85     | 0.69320          | nan             
86     | 0.79360          | nan             
87     | 0.83927          | nan             
88     | 0.78600          | nan             
89     | 0.90540          | nan             
90     | 0.74978          | nan             
91     | 0.76634          | nan             
92     | 0.77374          | nan             
93     | 0.73480          | nan             
94     | 0.93611          | nan             
95     | 0.71100          | nan             
96     | 0.79675          | nan             
97     | 0.72477          | nan             
98     | 1.09510          | nan             
99     | 1.06208          | nan             
================================================================================
MEAN RANDOM LBL ERROR: 0.82472
MEAN ALL-WORKER ERROR: nan
================================================================================

Starting Baseline Evaluation: 1-Class Homogeneous MVNN
================================================================================
Seed   | Single-Class MVNN Error  
--------------------------------------------------------------------------------
70     | 0.95833                  
71     | 0.95668                  
72     | 0.96785                  
73     | 0.98104                  
74     | 0.95295                  
75     | 0.94844                  
76     | 0.96670                  
77     | 0.97039                  
78     | 0.94376                  
79     | 0.83240                  
80     | 0.90513                  
81     | 0.97052                  
82     | 0.97251                  
83     | 0.97229                  
84     | 0.96468                  
85     | 0.96824                  
86     | 0.95286                  
87     | 0.92955                  
88     | 0.91126                  
89     | 0.87782                  
90     | 0.95301                  
91     | 0.95704                  
92     | 0.97971                  
93     | 0.97470                  
94     | 0.95618                  
95     | 0.96683                  
96     | 0.98021                  
97     | 0.96094                  
98     | 0.94326                  
99     | 0.91014                  
================================================================================
MEAN 1-CLASS MVNN ERROR: 0.94951
================================================================================
