Loading MVNN Checkpoint from MVNN_Model/jax_ckpt_000370.npz...
Loading Hybrid RF Model Artifacts...

Starting MVNN Downstream Evaluation on 30 Test Seeds...
================================================================================
Seed   | GT Total Error   | Pred Total Error | Δ Error   
--------------------------------------------------------------------------------
70     | 0.04317          | 0.04216          | -0.00101  
71     | 0.04381          | 0.72666          | 0.68285   
72     | 0.02694          | 0.08498          | 0.05804   
73     | 0.02934          | 0.02934          | 0.00000   
74     | 0.03778          | 0.59972          | 0.56194   
75     | 0.03093          | 0.16642          | 0.13549   
76     | 0.02460          | 0.22872          | 0.20411   
77     | 0.06256          | 1.83082          | 1.76826   
78     | 0.06281          | 0.55687          | 0.49406   
79     | 0.07092          | 1.18085          | 1.10993   
80     | 0.05775          | 0.05775          | 0.00000   
81     | 0.02507          | 0.24362          | 0.21855   
82     | 0.01951          | 0.02142          | 0.00191   
83     | 0.02189          | 0.02189          | 0.00000   
84     | 0.03102          | 0.10377          | 0.07274   
85     | 0.01584          | 0.02468          | 0.00884   
86     | 0.03499          | 0.21318          | 0.17819   
87     | 0.03312          | 0.12152          | 0.08840   
88     | 0.04418          | 0.35012          | 0.30594   
89     | 0.07338          | 0.18401          | 0.11063   
90     | 0.03215          | 0.10909          | 0.07694   
91     | 0.04153          | 0.19925          | 0.15772   
92     | 0.02280          | 0.12367          | 0.10087   
93     | 0.03350          | 0.13283          | 0.09934   
94     | 0.07107          | 0.88660          | 0.81553   
95     | 0.01505          | 0.12759          | 0.11254   
96     | 0.06360          | 1.30674          | 1.24314   
97     | 0.01527          | 0.64906          | 0.63380   
98     | 0.10620          | 1.00459          | 0.89839   
99     | 0.04771          | 0.37801          | 0.33030   
================================================================================
MEAN GT ERROR:   0.04128
MEAN PRED ERROR: 0.39020
AVG DIFFERENCE:  0.34891
================================================================================
